      0/49      4.2G   0.05513   0.02951   0.08582    0.1705        53       640   0.06426    0.2563   0.05675    0.0348   0.03558   0.01401   0.07056
      1/49     4.19G   0.04145   0.02623   0.07523    0.1429        51       640    0.2468    0.2453    0.1164   0.06509   0.03629   0.01416   0.06256
      2/49     4.19G   0.04294   0.02707   0.07165    0.1417        48       640    0.2641    0.2515    0.1157   0.06298   0.04209   0.01515   0.06226
      3/49     4.19G   0.04311   0.02819   0.07156    0.1429        41       640    0.3188    0.3206    0.1779    0.1029   0.03792   0.01461   0.05783
      4/49     4.19G   0.04093   0.02798   0.06824    0.1372        39       640    0.3347    0.3017     0.172   0.09818   0.03777   0.01478   0.05853
      5/49     4.19G   0.03923   0.02746   0.06646    0.1331        43       640    0.3701    0.3078    0.2196    0.1355   0.03513   0.01393    0.0544
      6/49     4.19G   0.03736   0.02668   0.06491    0.1289        40       640    0.4173    0.3118     0.238    0.1461   0.03473   0.01403   0.05346
      7/49     4.19G     0.037   0.02652    0.0635     0.127        57       640    0.4697    0.3162    0.2589    0.1588   0.03466   0.01374   0.05287
      8/49     4.19G   0.03743   0.02627   0.06274    0.1264        32       640    0.4992    0.3172    0.2807    0.1766   0.03413   0.01376   0.05134
      9/49     4.19G   0.03676    0.0265   0.06168    0.1249        73       640    0.4545    0.3628    0.2954    0.1843   0.03303   0.01348   0.04984
     10/49     4.19G   0.03592   0.02601   0.06036    0.1223        38       640     0.464    0.3731    0.3069    0.1965   0.03283   0.01357    0.0487
     11/49     4.19G   0.03558   0.02585   0.05988    0.1213        43       640    0.4894    0.3811    0.3242     0.215   0.03164   0.01329   0.04982
     12/49     4.19G   0.03452   0.02588   0.05808    0.1185        37       640    0.4897    0.3838    0.3316    0.2196    0.0316   0.01309   0.04758
     13/49     4.19G   0.03463   0.02545   0.05725    0.1173        51       640    0.4817    0.3596    0.3257    0.2119   0.03257   0.01353   0.05033
     14/49     4.19G   0.03451   0.02559   0.05692     0.117        33       640    0.4949    0.4216    0.3661    0.2463     0.031   0.01299   0.04615
     15/49     4.19G   0.03388   0.02497    0.0565    0.1153        52       640    0.5488    0.3733    0.3659    0.2447   0.03222    0.0131   0.04628
     16/49     4.19G   0.03375   0.02514   0.05481    0.1137        47       640    0.5341    0.3865    0.3702    0.2479   0.03117    0.0132   0.04432
     17/49     4.19G   0.03322   0.02474   0.05532    0.1133        60       640     0.515    0.4208    0.3846    0.2581    0.0307   0.01319   0.04531
     18/49     4.19G   0.03348    0.0248   0.05364    0.1119        51       640    0.5632    0.4223    0.4099    0.2793   0.02982    0.0128   0.04369
     19/49     4.19G   0.03307    0.0248   0.05351    0.1114        48       640    0.5828    0.3969    0.4159    0.2862   0.03009   0.01277   0.04344
     20/49     4.19G    0.0322   0.02449   0.05222    0.1089        41       640    0.5805    0.4159    0.4233    0.2912   0.02936    0.0125   0.04251
     21/49     4.19G   0.03264   0.02448   0.05184     0.109        33       640     0.583    0.4393    0.4429    0.3055   0.02928   0.01243   0.04151
     22/49     4.19G   0.03156   0.02423   0.05072    0.1065        57       640    0.5833    0.4344    0.4472     0.312   0.02874   0.01234   0.04132
     23/49     4.19G   0.03175   0.02422    0.0504    0.1064        42       640    0.6173    0.4366    0.4564    0.3184   0.02852    0.0125   0.04033
     24/49     4.19G   0.03113   0.02387   0.04992    0.1049        43       640    0.5777    0.4656     0.462    0.3218   0.02845    0.0124   0.03999
     25/49     4.19G   0.03145   0.02408   0.04949     0.105        34       640    0.6172    0.4419    0.4677    0.3261   0.02839   0.01232   0.04057
     26/49     4.19G   0.03131   0.02396   0.04894    0.1042        35       640    0.6141    0.4424    0.4725    0.3332   0.02799   0.01233   0.03996
     27/49     4.19G   0.03087   0.02365    0.0488    0.1033        35       640    0.6322    0.4576    0.4844    0.3406   0.02747   0.01227   0.03797
     28/49     4.19G   0.03086   0.02355   0.04746    0.1019        39       640    0.6085    0.4875     0.494    0.3462   0.02725   0.01216   0.03893
     29/49     4.19G   0.03002   0.02341   0.04657       0.1        48       640    0.6478    0.4614    0.4963    0.3551    0.0269   0.01201   0.03895
     30/49     4.19G   0.02958   0.02319   0.04553    0.0983        47       640    0.6578    0.4623    0.5105    0.3632   0.02701   0.01197   0.03804
     31/49     4.19G    0.0299   0.02313   0.04473   0.09776        42       640    0.6385    0.4838    0.5102    0.3672   0.02664   0.01194   0.03777
     32/49     4.19G   0.02956   0.02312   0.04528   0.09796        44       640     0.645     0.481    0.5132     0.367   0.02681   0.01193   0.03748
     33/49     4.19G   0.02878    0.0226   0.04414   0.09552        46       640    0.6154    0.4849    0.5134    0.3661   0.02691     0.012   0.03734
     34/49     4.19G   0.02925   0.02286   0.04329   0.09539        55       640    0.6115    0.4996    0.5247    0.3798   0.02608   0.01185   0.03567
     35/49     4.19G   0.02854   0.02257   0.04317   0.09427        41       640    0.6206    0.4999    0.5249    0.3777   0.02599   0.01188   0.03578
     36/49     4.19G   0.02828   0.02255   0.04178    0.0926        49       640    0.6232    0.5011     0.535    0.3906    0.0257   0.01179   0.03574
     37/49     4.19G   0.02842   0.02228   0.04176   0.09247        54       640     0.625    0.4958    0.5399    0.3956   0.02557   0.01176   0.03543
     38/49     4.19G   0.02751   0.02198   0.03958   0.08907        45       640    0.6584     0.491    0.5478    0.3986   0.02511   0.01181    0.0347
     39/49     4.19G   0.02765   0.02189   0.03985   0.08938        61       640    0.6249    0.5131    0.5471    0.4006   0.02525   0.01167   0.03458
     40/49     4.19G   0.02733   0.02192   0.03937   0.08862        49       640    0.6485    0.4992    0.5587    0.4095   0.02506   0.01159   0.03441
     41/49     4.19G   0.02704   0.02178   0.03965   0.08847        43       640    0.6433    0.5072    0.5576    0.4101   0.02518   0.01162   0.03434
     42/49     4.19G   0.02735   0.02191   0.03794   0.08719        80       640    0.6076    0.5517    0.5634    0.4162    0.0252   0.01156   0.03396
     43/49     4.19G    0.0272   0.02176   0.03788   0.08684        64       640    0.6414    0.5271    0.5635    0.4166   0.02507   0.01153   0.03384
     44/49     4.19G   0.02699   0.02165   0.03791   0.08656        59       640    0.6297      0.53    0.5675    0.4176   0.02488   0.01155   0.03365
     45/49     4.19G   0.02684   0.02144   0.03677   0.08505        48       640    0.6424    0.5349    0.5718    0.4219   0.02507   0.01158   0.03356
     46/49     4.19G   0.02643   0.02138   0.03626   0.08407        39       640    0.6301    0.5496    0.5721    0.4207   0.02512   0.01163    0.0329
     47/49     4.19G   0.02632   0.02117   0.03632   0.08381        47       640    0.6382    0.5433    0.5799    0.4298   0.02492   0.01159   0.03254
     48/49     4.19G   0.02633   0.02095   0.03577   0.08305        54       640     0.696    0.5103    0.5823    0.4314   0.02469   0.01159    0.0332
     49/49     4.19G   0.02601   0.02122   0.03544   0.08267        48       640    0.6316    0.5438    0.5809    0.4328   0.02471   0.01157   0.03284
